[[[[42.0, -259.0],[34.0, -164.0]],[[30.0, -265.0],[9.0, -177.0]]],
[[[34.0, -145.0],[25.0, -73.0]],[[10.0, -168.0],[36.0, -89.0]]],
[[[34.0, -65.0],[64.0, -45.0]],[[32.0, -79.0],[36.0, -19.0]]],
[[[75.0, -33.0],[92.0, -15.0]],[[46.0, -10.0],[104.0, -40.0]]],
[[[107.0, -10.0],[197.0, -21.0]],[[117.0, -35.0],[200.0, -40.0]]],
[[[209.0, -23.0],[241.0, -47.0]],[[209.0, -41.0],[262.0, -14.0]]],
[[[246.0, -52.0],[268.0, -87.0]],[[275.0, -17.0],[269.0, -75.0]]],
[[[268.0, -96.0],[260.0, -168.0]],[[264.0, -90.0],[288.0, -179.0]]],
[[[249.0, -176.0],[230.0, -237.0]],[[285.0, -195.0],[263.0, -252.0]]],
[[[226.0, -242.0],[209.0, -284.0]],[[255.0, -262.0],[212.0, -290.0]]],
[[[196.0, -294.0],[137.0, -315.0]],[[193.0, -293.0],[131.0, -312.0]]],
[[[126.0, -313.0],[73.0, -298.0]],[[111.0, -312.0],[76.0, -297.0]]],
[[[70.0, -293.0],[47.0, -266.0]],[[67.0, -293.0],[37.0, -269.0]]],
[[[46.0, -141.0],[73.0, -96.0]],[[40.0, -143.0],[66.0, -97.0]]],
[[[81.0, -87.0],[211.0, -95.0]],[[76.0, -91.0],[209.0, -91.0]]],
[[[216.0, -105.0],[238.0, -152.0]],[[216.0, -99.0],[256.0, -142.0]]],
[[[62.0, -153.0],[128.0, -154.0]],[[80.0, -99.0],[120.0, -123.0]]],
[[[164.0, -155.0],[217.0, -160.0]],[[167.0, -124.0],[205.0, -112.0]]],
[[[70.0, -165.0],[124.0, -173.0]],[[71.0, -123.0],[110.0, -154.0]]],
[[[159.0, -178.0],[218.0, -184.0]],[[172.0, -148.0],[223.0, -127.0]]],
[[[141.0, -172.0],[134.0, -235.0]],[[140.0, -125.0],[136.0, -242.0]]],
[[[91.0, -255.0],[177.0, -258.0]],[[100.0, -271.0],[179.0, -275.0]]]]
