[[[[41.0, -269.0],[21.0, -122.0]],[[29.0, -267.0],[7.0, -142.0]]],
[[[19.0, -92.0],[54.0, -46.0]],[[9.0, -122.0],[39.0, -69.0]]],
[[[68.0, -39.0],[148.0, -6.0]],[[35.0, -48.0],[45.0, -9.0]]],
[[[157.0, -15.0],[210.0, -26.0]],[[55.0, -9.0],[100.0, -31.0]]],
[[[226.0, -37.0],[249.0, -70.0]],[[114.0, -34.0],[203.0, -42.0]]],
[[[257.0, -89.0],[265.0, -108.0]],[[218.0, -45.0],[265.0, -12.0]]],
[[[270.0, -121.0],[259.0, -171.0]],[[282.0, -12.0],[266.0, -84.0]]],
[[[246.0, -187.0],[232.0, -232.0]],[[271.0, -106.0],[290.0, -189.0]]],
[[[222.0, -251.0],[187.0, -300.0]],[[294.0, -216.0],[228.0, -292.0]]],
[[[170.0, -303.0],[115.0, -316.0]],[[198.0, -298.0],[112.0, -311.0]]],
[[[103.0, -309.0],[51.0, -276.0]],[[98.0, -311.0],[34.0, -277.0]]],
[[[50.0, -157.0],[120.0, -154.0]],[[71.0, -108.0],[112.0, -124.0]]],
[[[157.0, -149.0],[226.0, -165.0]],[[175.0, -125.0],[234.0, -101.0]]],
[[[66.0, -168.0],[116.0, -170.0]],[[62.0, -123.0],[109.0, -151.0]]],
[[[161.0, -174.0],[213.0, -181.0]],[[168.0, -152.0],[223.0, -130.0]]],
[[[139.0, -175.0],[108.0, -211.0]],[[132.0, -136.0],[79.0, -245.0]]],
[[[151.0, -181.0],[165.0, -215.0]],[[156.0, -141.0],[205.0, -234.0]]],
[[[112.0, -222.0],[130.0, -230.0]],[[97.0, -243.0],[134.0, -245.0]]],
[[[137.0, -231.0],[157.0, -227.0]],[[152.0, -248.0],[194.0, -244.0]]],
[[[89.0, -254.0],[123.0, -262.0]],[[96.0, -272.0],[133.0, -271.0]]],
[[[134.0, -263.0],[159.0, -261.0]],[[149.0, -272.0],[167.0, -272.0]]]]