[[[[42.0, -258.0],[21.0, -95.0]],[[32.0, -276.0],[11.0, -127.0]]],
[[[22.0, -84.0],[51.0, -47.0]],[[17.0, -115.0],[43.0, -16.0]]],
[[[59.0, -39.0],[92.0, -15.0]],[[56.0, -14.0],[115.0, -39.0]]],
[[[106.0, -13.0],[193.0, -14.0]],[[129.0, -35.0],[213.0, -40.0]]],
[[[201.0, -24.0],[234.0, -43.0]],[[222.0, -38.0],[271.0, -7.0]]],
[[[246.0, -53.0],[265.0, -92.0]],[[283.0, -14.0],[272.0, -85.0]]],
[[[269.0, -108.0],[218.0, -278.0]],[[277.0, -97.0],[270.0, -274.0]]],
[[[206.0, -288.0],[123.0, -317.0]],[[263.0, -280.0],[151.0, -312.0]]],
[[[113.0, -313.0],[45.0, -266.0]],[[142.0, -313.0],[40.0, -284.0]]],
[[[39.0, -159.0],[74.0, -96.0]],[[26.0, -146.0],[63.0, -98.0]]],
[[[85.0, -89.0],[218.0, -99.0]],[[71.0, -90.0],[200.0, -89.0]]],
[[[224.0, -104.0],[236.0, -152.0]],[[216.0, -92.0],[249.0, -140.0]]],
[[[75.0, -167.0],[120.0, -173.0]],[[74.0, -123.0],[107.0, -151.0]]],
[[[158.0, -177.0],[206.0, -179.0]],[[173.0, -152.0],[211.0, -132.0]]],
[[[141.0, -172.0],[133.0, -228.0]],[[138.0, -119.0],[136.0, -239.0]]],
[[[89.0, -252.0],[168.0, -262.0]],[[102.0, -275.0],[173.0, -274.0]]]]
