[[[[115.0, -320.0],[41.0, -258.0]],[[129.0, -316.0],[26.0, -268.0]]],
[[[38.0, -247.0],[27.0, -125.0]],[[20.0, -255.0],[18.0, -132.0]]],
[[[24.0, -108.0],[47.0, -59.0]],[[23.0, -118.0],[36.0, -71.0]]],
[[[55.0, -49.0],[77.0, -34.0]],[[38.0, -62.0],[44.0, -15.0]]],
[[[87.0, -25.0],[105.0, -8.0]],[[55.0, -13.0],[105.0, -34.0]]],
[[[120.0, -9.0],[155.0, -9.0]],[[120.0, -36.0],[209.0, -41.0]]],
[[[169.0, -9.0],[219.0, -28.0]],[[223.0, -40.0],[290.0, -5.0]]],
[[[230.0, -38.0],[255.0, -65.0]],[[286.0, -16.0],[264.0, -86.0]]],
[[[262.0, -82.0],[264.0, -157.0]],[[269.0, -96.0],[294.0, -153.0]]],
[[[255.0, -175.0],[232.0, -229.0]],[[292.0, -165.0],[273.0, -248.0]]],
[[[227.0, -240.0],[197.0, -296.0]],[[269.0, -255.0],[196.0, -301.0]]],
[[[188.0, -300.0],[127.0, -315.0]],[[185.0, -301.0],[137.0, -310.0]]],
[[[60.0, -157.0],[100.0, -150.0]],[[70.0, -114.0],[109.0, -118.0]]],
[[[118.0, -152.0],[133.0, -174.0]],[[114.0, -127.0],[121.0, -151.0]]],
[[[129.0, -184.0],[83.0, -187.0]],[[109.0, -159.0],[74.0, -147.0]]],
[[[74.0, -182.0],[55.0, -164.0]],[[63.0, -142.0],[63.0, -118.0]]],
[[[157.0, -169.0],[199.0, -150.0]],[[170.0, -146.0],[195.0, -108.0]]],
[[[207.0, -156.0],[218.0, -178.0]],[[211.0, -115.0],[228.0, -131.0]]],
[[[223.0, -189.0],[186.0, -194.0]],[[229.0, -140.0],[208.0, -158.0]]],
[[[172.0, -192.0],[154.0, -179.0]],[[192.0, -162.0],[175.0, -157.0]]],
[[[135.0, -188.0],[107.0, -221.0]],[[100.0, -172.0],[84.0, -244.0]]],
[[[148.0, -186.0],[168.0, -225.0]],[[174.0, -171.0],[209.0, -230.0]]],
[[[114.0, -229.0],[129.0, -234.0]],[[95.0, -240.0],[128.0, -250.0]]],
[[[137.0, -235.0],[157.0, -229.0]],[[144.0, -250.0],[194.0, -235.0]]],
[[[92.0, -254.0],[132.0, -248.0]],[[99.0, -279.0],[133.0, -267.0]]],
[[[147.0, -247.0],[173.0, -263.0]],[[150.0, -267.0],[189.0, -279.0]]],
[[[163.0, -270.0],[130.0, -279.0]],[[174.0, -287.0],[136.0, -296.0]]],
[[[120.0, -274.0],[89.0, -261.0]],[[124.0, -293.0],[104.0, -287.0]]]]