[[[[43.0, -262.0],[25.0, -117.0]],[[76.0, -236.0],[37.0, -100.0]]],
[[[28.0, -87.0],[107.0, -11.0]],[[36.0, -88.0],[87.0, -23.0]]],
[[[122.0, -13.0],[212.0, -27.0]],[[106.0, -15.0],[207.0, -18.0]]],
[[[220.0, -37.0],[273.0, -137.0]],[[224.0, -27.0],[276.0, -120.0]]],
[[[268.0, -150.0],[231.0, -217.0]],[[262.0, -127.0],[245.0, -190.0]]],
[[[229.0, -227.0],[204.0, -289.0]],[[243.0, -202.0],[215.0, -255.0]]],
[[[189.0, -295.0],[129.0, -314.0]],[[203.0, -264.0],[155.0, -283.0]]],
[[[115.0, -310.0],[53.0, -273.0]],[[84.0, -242.0],[145.0, -281.0]]],
[[[52.0, -159.0],[121.0, -156.0]],[[49.0, -126.0],[117.0, -126.0]]],
[[[168.0, -159.0],[218.0, -166.0]],[[153.0, -128.0],[219.0, -122.0]]],
[[[76.0, -167.0],[124.0, -175.0]],[[63.0, -140.0],[102.0, -140.0]]],
[[[159.0, -179.0],[203.0, -181.0]],[[158.0, -138.0],[198.0, -140.0]]],
[[[143.0, -178.0],[136.0, -233.0]],[[140.0, -133.0],[128.0, -182.0]]],
[[[88.0, -249.0],[171.0, -266.0]],[[93.0, -216.0],[188.0, -217.0]]],
[[[34.0, -315.0],[57.0, -308.0]],[[65.0, -316.0],[102.0, -303.0]]],
[[[58.0, -300.0],[56.0, -284.0]],[[103.0, -293.0],[98.0, -268.0]]],
[[[217.0, -288.0],[242.0, -314.0]],[[264.0, -256.0],[297.0, -279.0]]],
[[[186.0, -316.0],[210.0, -297.0]],[[243.0, -319.0],[289.0, -290.0]]]]
