[[[[39.0, -254.0],[23.0, -94.0]],[[70.0, -234.0],[28.0, -101.0]]],
[[[23.0, -84.0],[96.0, -16.0]],[[32.0, -95.0],[105.0, -8.0]]],
[[[105.0, -12.0],[208.0, -21.0]],[[119.0, -5.0],[197.0, -14.0]]],
[[[222.0, -29.0],[271.0, -146.0]],[[209.0, -22.0],[275.0, -121.0]]],
[[[257.0, -158.0],[213.0, -283.0]],[[260.0, -130.0],[233.0, -239.0]]],
[[[202.0, -288.0],[136.0, -312.0]],[[219.0, -245.0],[156.0, -278.0]]],
[[[118.0, -313.0],[44.0, -262.0]],[[133.0, -279.0],[77.0, -244.0]]],
[[[60.0, -154.0],[124.0, -155.0]],[[63.0, -124.0],[111.0, -122.0]]],
[[[172.0, -155.0],[226.0, -166.0]],[[151.0, -126.0],[211.0, -124.0]]],
[[[71.0, -167.0],[127.0, -177.0]],[[63.0, -143.0],[116.0, -139.0]]],
[[[160.0, -178.0],[210.0, -181.0]],[[151.0, -140.0],[201.0, -140.0]]],
[[[144.0, -166.0],[135.0, -228.0]],[[134.0, -135.0],[127.0, -186.0]]],
[[[89.0, -247.0],[178.0, -251.0]],[[92.0, -208.0],[192.0, -207.0]]],
[[[86.0, -251.0],[118.0, -277.0]],[[88.0, -217.0],[134.0, -234.0]]],
[[[126.0, -279.0],[178.0, -261.0]],[[141.0, -233.0],[182.0, -216.0]]],
[[[36.0, -150.0],[71.0, -108.0]],[[44.0, -113.0],[67.0, -75.0]]],
[[[77.0, -94.0],[222.0, -105.0]],[[78.0, -53.0],[200.0, -57.0]]],
[[[226.0, -118.0],[240.0, -158.0]],[[212.0, -62.0],[244.0, -122.0]]],
[[[53.0, -276.0],[59.0, -316.0]],[[91.0, -262.0],[112.0, -317.0]]],
[[[213.0, -290.0],[191.0, -314.0]],[[251.0, -204.0],[256.0, -282.0]]],
[[[224.0, -290.0],[247.0, -314.0]],[[263.0, -262.0],[294.0, -278.0]]],
[[[31.0, -317.0],[53.0, -308.0]],[[67.0, -318.0],[101.0, -303.0]]]]
