[[[[46.0, -260.0],[27.0, -97.0]],[[30.0, -260.0],[12.0, -131.0]]],
[[[33.0, -78.0],[60.0, -42.0]],[[19.0, -119.0],[41.0, -80.0]]],
[[[64.0, -37.0],[102.0, -15.0]],[[35.0, -67.0],[36.0, -26.0]]],
[[[113.0, -9.0],[143.0, -19.0]],[[44.0, -18.0],[108.0, -33.0]]],
[[[152.0, -18.0],[196.0, -21.0]],[[118.0, -33.0],[194.0, -36.0]]],
[[[212.0, -28.0],[232.0, -40.0]],[[208.0, -38.0],[270.0, -9.0]]],
[[[241.0, -46.0],[258.0, -77.0]],[[271.0, -15.0],[279.0, -66.0]]],
[[[266.0, -93.0],[259.0, -161.0]],[[267.0, -93.0],[288.0, -169.0]]],
[[[248.0, -181.0],[226.0, -240.0]],[[288.0, -180.0],[260.0, -265.0]]],
[[[227.0, -250.0],[197.0, -289.0]],[[252.0, -273.0],[220.0, -293.0]]],
[[[188.0, -297.0],[143.0, -314.0]],[[202.0, -298.0],[144.0, -312.0]]],
[[[123.0, -312.0],[80.0, -299.0]],[[134.0, -310.0],[85.0, -302.0]]],
[[[75.0, -293.0],[52.0, -267.0]],[[77.0, -300.0],[36.0, -268.0]]],
[[[57.0, -156.0],[120.0, -149.0]],[[72.0, -99.0],[124.0, -125.0]]],
[[[166.0, -153.0],[226.0, -167.0]],[[163.0, -127.0],[222.0, -95.0]]],
[[[69.0, -170.0],[125.0, -175.0]],[[68.0, -118.0],[110.0, -144.0]]],
[[[159.0, -174.0],[203.0, -177.0]],[[171.0, -147.0],[223.0, -130.0]]],
[[[140.0, -186.0],[136.0, -229.0]],[[139.0, -152.0],[136.0, -242.0]]],
[[[92.0, -253.0],[170.0, -260.0]],[[96.0, -273.0],[184.0, -274.0]]]]
